procs -----------memory---------- ---swap-- -----io---- -system-- ----cpu----
 r  b   swpd   free   buff  cache   si   so    bi    bo   in   cs us sy id wa
 0  1 1079452 1704988 5305580 108668    0    0    68    78    0    0  3  1 87  8
 0  1 1079452 1704944 5305580 108672    0    0    68    78    0    0  3  1 87  8
 2  1 1079452 1704944 5305580 108672    0    0    68    78    0    0  3  1 87  8
 0  1 1079452 1704688 5305604 108648    0    0    68    78    0    0  3  1 87  8
 0  1 1079452 1704704 5305692 108560    0    0    68    78    0    0  3  1 87  8
 0  1 1079452 1704324 5305824 108428    0    0    68    78    0    0  3  1 87  8
 0  1 1079452 1703944 5305932 108708    0    0    68    78    0    0  3  1 87  8
 0  1 1079452 1704016 5306000 108660    0    0    68    78    0    0  3  1 87  8
 0  1 1079452 1703784 5306064 108596    0    0    68    78    0    0  3  1 87  8
 0  1 1079452 1703780 5306152 108508    0    0    68    78    0    0  3  1 87  8
 0  1 1079452 1703780 5306292 108756    0    0    68    78    0    0  3  1 87  8
